1.5949029922485352,82384,82174
1.6052780151367188,147922,129423
1.6165771484375,193486,131308
1.626244068145752,195043,131227
1.6354539394378662,195076,131231
1.6453990936279297,195128,131397
1.6558160781860352,195161,131651
1.6663649082183838,195213,131813
1.6766719818115234,195244,131831
1.6857430934906006,195174,131730
1.696045160293579,194896,131594
1.7067170143127441,194391,131485
1.7151000499725342,193714,131406
1.7259719371795654,192973,131252
1.7360451221466064,192261,131066
1.7466309070587158,191649,130869
1.7550032138824463,191150,130701
1.7655889987945557,190774,130638
1.7769181728363037,190557,130777
1.7870032787322998,190442,131008
1.7954108715057373,190458,131276
1.8057842254638672,190536,131396
1.816148042678833,190678,131476
1.8247759342193604,190844,131532
1.8366310596466064,191039,131494
1.8458099365234375,191204,131207
1.8570380210876465,191335,130741
1.8648829460144043,191404,130283
1.875504970550537,191452,129952
1.8858840465545654,191475,129680
1.8970530033111572,191516,129473
1.9059982299804688,191525,129258
1.9162418842315674,191603,129181
1.9266061782836914,191710,129256
1.9378199577331543,191857,129586
1.945533037185669,191999,130070
1.955538034439087,192170,130581
1.9668090343475342,192316,130935
1.9765620231628418,192430,131202
1.9855120182037354,192499,131395
1.9957079887390137,192566,131560
2.006195068359375,192566,131535
2.0167429447174072,192545,131323
2.0254640579223633,192472,130954
2.035881996154785,192388,130591
2.0474371910095215,192288,130315
2.0568430423736572,192207,130090
2.0687448978424072,192130,129946
2.076012134552002,192107,129852
2.0862772464752197,192110,129838
2.096827268600464,192152,129941
2.1053969860076904,192204,130128
2.115908145904541,192310,130324
2.127031087875366,192431,130455
2.1351280212402344,192559,130459
2.145613193511963,192669,130440
2.1560261249542236,192799,130425
2.1672871112823486,192915,130349
2.1751649379730225,193013,130188
2.1874401569366455,193063,129973
2.19779896736145,193123,129834
2.2071139812469482,193173,129700
2.215456008911133,193215,129585
2.2259390354156494,193271,129519
2.2392020225524902,193348,129617
2.2468230724334717,193434,129862
2.255953311920166,193529,130205
2.2672441005706787,193659,130590
2.2767810821533203,193821,130991
2.2889280319213867,194014,131445
2.295562982559204,194209,131973
2.3061509132385254,194412,132512
2.3165950775146484,194598,133002
2.327536106109619,194757,133274
2.335574150085449,194865,133364
2.3471081256866455,194990,133361
2.356558084487915,195092,133316
2.368065118789673,195173,133266
2.3764312267303467,195204,133073
2.3872859477996826,195208,132693
2.396726131439209,195196,132224
2.409203052520752,195153,131755
2.4174599647521973,195090,131406
2.4264180660247803,195062,131175
2.437014102935791,195054,131145
2.4494991302490234,195057,131246
2.455738067626953,195067,131471
2.467582941055298,195112,131792
2.476884126663208,195193,132124
2.485814094543457,195293,132355
2.496080160140991,195331,132411
2.508574962615967,195263,132152
2.51702618598938,194969,131916
2.5264499187469482,194446,131803
2.536048173904419,193732,131928
2.5475919246673584,192987,132014
2.5570759773254395,192284,131986
2.5679569244384766,191712,131912
2.576246976852417,191259,131883
2.5898900032043457,190952,131881
2.5971450805664062,190753,131778
2.606503963470459,190652,131573
2.616364002227783,190636,131416
2.626910924911499,190702,131275
2.637338161468506,190809,131250
2.6461539268493652,190960,131311
2.6564228534698486,191127,131380
2.6672792434692383,191310,131500
2.67751407623291,191467,131596
2.686124086380005,191624,131674
2.698127031326294,191762,131751
2.7082738876342773,191907,131753
2.7178969383239746,192043,131860
2.726051092147827,192187,132081
2.736614942550659,192344,132337
2.747028112411499,192514,132584
2.7575290203094482,192692,132747
2.7661759853363037,192851,132847
2.7797372341156006,192948,132865
2.787229061126709,193030,132914
2.7959301471710205,193079,132922
2.806248903274536,193104,132895
2.8173282146453857,193086,132798
2.827327013015747,193031,132599
2.8359920978546143,192945,132424
2.8465049266815186,192864,132362
2.8586130142211914,192788,132291
2.8674120903015137,192732,132269
2.8763370513916016,192696,132204
2.887299060821533,192721,132231
2.8979380130767822,192757,132349
2.9088311195373535,192803,132344
2.9185831546783447,192873,132373
2.926954984664917,192964,132366
2.939774990081787,193045,132247
2.947845220565796,193146,132146
2.956308126449585,193235,132045
2.9686851501464844,193308,131942
2.9773190021514893,193357,131827
2.9895479679107666,193424,131624
2.9964730739593506,193506,131424
3.0076730251312256,193581,131298
3.017521858215332,193655,131333
3.0317492485046387,193738,131539
3.036539077758789,193828,131815
3.048110008239746,193936,132011
3.0573830604553223,194047,132100
3.067470073699951,194153,132111
3.0772030353546143,194249,132161
3.0914649963378906,194326,132159
3.097668170928955,194406,132076
3.1061840057373047,194479,131979
3.1179251670837402,194540,131822
3.1271870136260986,194581,131642
3.1378231048583984,194593,131363
3.1463801860809326,194564,131069
3.1588521003723145,194534,130904
3.167370080947876,194519,130865
3.1799092292785645,194550,130929
3.187624931335449,194581,131087
3.1989009380340576,194615,131259
3.207508087158203,194658,131521
3.2208619117736816,194727,131769
3.2275099754333496,194791,131780
3.237121105194092,194835,131606
3.2487800121307373,194868,131406
3.2580652236938477,194909,131307
3.267526149749756,194960,131293
3.277224063873291,194986,131073
3.2883739471435547,194985,130805
3.296281099319458,194987,130646
3.3080849647521973,195003,130704
3.317359209060669,195043,130881
3.3279411792755127,195045,130949
3.3375911712646484,194935,130780
3.3481321334838867,194590,130662
3.357435941696167,194033,130786
3.3686342239379883,193334,131025
3.3764841556549072,192628,131061
3.3898282051086426,191967,130869
3.3981549739837646,191390,130564
3.4081130027770996,190927,130452
3.4178669452667236,190624,130433
3.427051067352295,190442,130422
3.437587022781372,190367,130353
3.448096990585327,190385,130203
3.4570419788360596,190480,130144
3.467144012451172,190603,130190
3.477617025375366,190751,130301
3.488154172897339,190929,130344
3.498638153076172,191098,130144
3.507296085357666,191241,129947
3.5181989669799805,191339,129802
3.5287461280822754,191459,129708
3.537041187286377,191569,129709
3.5480761528015137,191655,129721
3.558237075805664,191731,129785
3.5703749656677246,191851,129927
3.5768771171569824,192002,130193
3.5879361629486084,192166,130625
3.5978660583496094,192318,130967
3.6087470054626465,192422,131126
3.6171391010284424,192495,131058
3.6275599002838135,192518,130900
3.6386942863464355,192508,130748
3.64933705329895,192456,130595
3.657137870788574,192389,130582
3.6676039695739746,192293,130502
3.6788060665130615,192199,130367
3.686721086502075,192114,130249
3.6986610889434814,192050,130195
3.707747220993042,192012,130124
3.718780994415283,192002,130077
3.726807117462158,192027,130053
3.7376151084899902,192107,130134
3.7482850551605225,192203,130330
3.758913993835449,192313,130591
3.7680552005767822,192415,130859
3.777419090270996,192563,131192
3.788482189178467,192729,131539
3.7985129356384277,192902,131863
3.807410955429077,193059,132163
3.817641019821167,193215,132418
3.829725980758667,193341,132577
3.838564157485962,193457,132501
3.848660945892334,193554,132262
3.857741117477417,193632,132025
3.8686752319335938,193702,131900
3.8798930644989014,193750,131830
3.8873040676116943,193786,131678
3.898466110229492,193807,131463
3.9084150791168213,193830,131200
3.919286012649536,193845,130955
3.927517890930176,193855,130766
3.9386260509490967,193861,130554
3.9485080242156982,193881,130398
3.9577040672302246,193890,130239
3.967449188232422,193903,130120
3.9790380001068115,193916,130040
3.9884750843048096,193917,129943
3.9982352256774902,193900,129837
4.008183002471924,193892,129758
4.018412113189697,193904,129709
4.028609991073608,193926,129776
4.037312984466553,193950,129864
4.047972202301025,193986,129974
4.058260917663574,194026,130033
4.068785905838013,194074,130038
4.07733416557312,194122,130098
4.087885141372681,194199,130291
4.098284006118774,194310,130616
4.109153985977173,194415,130871
4.117552995681763,194524,131032
4.12886905670166,194629,131182
4.13975191116333,194724,131299
4.149947881698608,194827,131450
4.158105134963989,194859,131562
4.168110132217407,194764,131546
4.179201126098633,194395,131466
4.189019203186035,193790,131254
4.1987221240997314,192993,131075
4.208022117614746,192201,130989
4.218522071838379,191463,130954
4.229203939437866,190910,130906
4.237901210784912,190484,130869
4.24807596206665,190251,130853
4.258677005767822,190119,130953
4.269188165664673,190152,131036
4.279972076416016,190245,130968
4.2895190715789795,190425,130785
4.298707008361816,190565,130506
4.305551052093506,190748,130174
4.317905902862549,190916,129910
4.328444957733154,191076,129763
4.338886976242065,191171,129676
4.347333192825317,191298,129679
4.358793020248413,191407,129754
4.368632078170776,191490,129885
4.379960060119629,191557,130002
4.385231256484985,191691,130098
4.399861097335815,191861,130204
4.408626079559326,192025,130356
4.419418096542358,192121,130476
4.4253950119018555,192224,130531
4.438848972320557,192290,130481
4.448676109313965,192272,130340
4.460517168045044,192193,130245
4.4665679931640625,192119,130139
4.479915142059326,192033,129999
4.488987922668457,191911,129832
4.501963138580322,191757,129640
4.506557941436768,191657,129512
4.51832914352417,191588,129443
4.53029203414917,191544,129358
4.539330005645752,191528,129329
4.5465240478515625,191564,129359
4.5584070682525635,191619,129434
4.569289922714233,191688,129516
4.579617977142334,191774,129544
4.585720062255859,191875,129538
4.599848031997681,191975,129525
4.609174966812134,192077,129500
4.6204071044921875,192195,129433
4.62581205368042,192294,129349
4.6395509243011475,192385,129294
4.649190187454224,192466,129261
4.657026052474976,192552,129313
4.665975093841553,192653,129464
4.678774118423462,192738,129615
4.69022798538208,192841,129832
4.695559024810791,192939,130068
4.707128047943115,193063,130335
4.719057083129883,193168,130579
4.729737043380737,193282,130763
4.735633134841919,193400,130936
4.749191999435425,193520,131141
4.759027004241943,193602,131235
4.769902229309082,193694,131254
4.775943040847778,193742,131110
4.789222955703735,193733,130809
4.79936408996582,193613,130231
4.811059951782227,193381,129161
4.816524982452393,192937,128140
4.82879900932312,192316,127129
4.8402931690216064,191807,126758
4.849792957305908,191586,126538
4.856622219085693,191542,126378
4.868840932846069,191569,126255
4.880292177200317,191555,126166
4.886080980300903,191611,126095
4.896043062210083,191781,126058
4.910139083862305,192009,126013
4.920610189437866,192246,125984
4.9275572299957275,192595,125973
4.936186075210571,193011,126001
4.951725006103516,193460,126073
4.959641218185425,193871,127665
4.966789245605469,194234,133114
4.977063894271851,194481,137887
4.989453077316284,194859,141725
5.000539064407349,195342,143221
5.005989074707031,195742,143483
5.016597032546997,196031,144243
5.029315233230591,195963,145491
5.040058135986328,195559,146051
5.046127080917358,194988,146469
5.05682110786438,194361,146548
5.069489002227783,193747,145900
5.081115961074829,193214,144912
5.0868120193481445,192794,143590
5.09750509262085,192489,142292
5.109478950500488,192135,140669
5.121510982513428,191746,138981
5.127017974853516,191384,137240
5.137022972106934,191001,135140
5.150756120681763,190723,132712
5.155963182449341,190593,131134
5.169259071350098,190628,130669
5.177022933959961,190539,130355
5.190447092056274,190199,130118
5.196142196655273,189582,129963
5.2068140506744385,188984,129827
5.216995000839233,188644,129706
5.231366872787476,188581,129619
5.236726999282837,188693,129522
5.2467169761657715,188908,129444
5.2579240798950195,189083,129385
5.270116090774536,189194,129325
5.276510000228882,189275,129258
5.286731958389282,189324,129236
5.297189235687256,189280,129206
5.309990882873535,189158,129195
5.316641092300415,188946,129160
5.326844930648804,188680,129164
5.337701082229614,188490,129155
5.350215911865234,188415,129137
5.3580310344696045,188450,129117
5.366832971572876,188543,129108
5.3775060176849365,188710,129099
5.390244245529175,188943,129078
5.397695064544678,189308,129077
5.407181024551392,189809,129105
5.418467044830322,190453,129172
5.430247068405151,191089,130478
5.436945915222168,191635,135518
5.447749137878418,192067,144648
5.45777702331543,192670,151692
5.470389127731323,193439,153935
5.476586103439331,194328,154409
5.487185955047607,195228,155452
5.497836112976074,196065,154294
5.506278991699219,196518,152557
5.516947031021118,196548,151695
5.527480125427246,196988,151151
5.537926912307739,197433,151016
5.54771614074707,197779,150839
5.557307243347168,198063,150745
5.569101095199585,198270,150829
5.5785322189331055,198483,150901
5.586632013320923,198515,150611
5.598523139953613,198294,149381
5.607586145401001,197848,147133
5.618146181106567,197224,143998
5.626652956008911,196334,141178
5.638397932052612,195156,138780
5.647533178329468,193967,135988
5.659872055053711,193095,133902
5.666891098022461,192565,133300
5.678570032119751,192271,132880
5.6877570152282715,191765,132549
5.701156139373779,191025,132303
5.707344055175781,190403,132157
5.717347145080566,190072,132035
5.72788405418396,189967,131938
5.7383081912994385,189871,131838
5.747383117675781,189684,131753
5.757862091064453,189555,131690
5.769150018692017,189481,131627
5.77856707572937,189496,131534
5.78756308555603,189572,131491
5.798343896865845,189733,131458
5.808060884475708,189937,131431
5.816603899002075,190166,131383
5.827031135559082,190393,131373
5.83830189704895,190626,131368
5.848036050796509,190823,131386
5.857240200042725,190846,131430
5.867208957672119,190731,131555
5.878931045532227,190596,133270
5.8884100914001465,190371,135445
5.896816968917847,190005,136227
5.9075140953063965,189539,136358
5.9178550243377686,189166,136179
5.929809093475342,188947,136675
5.937501907348633,188880,138213
5.949794054031372,188913,142650
5.9597461223602295,189083,147512
5.968613147735596,189424,150546
5.977325201034546,189939,152365
5.987563133239746,190538,153708
5.998422145843506,191174,153320
6.008552074432373,191733,152150
6.0195629596710205,192223,151432
6.028099060058594,192709,151614
6.038571119308472,193217,152244
6.048830986022949,193689,152540
6.05718207359314,194048,152415
6.068920135498047,194079,151317
6.078610897064209,193779,148827
6.0873799324035645,193144,144547
6.097321033477783,192337,140719
6.108058214187622,191492,138604
6.11827826499939,190770,136312
6.12952184677124,190203,134438
6.137712240219116,189724,133762
6.150796175003052,189247,133384
6.159638166427612,188816,133089
6.168859958648682,188443,132835
6.177946090698242,188152,132677
6.188049077987671,187841,132577
6.199547290802002,187452,132480
6.207184076309204,187113,132369
6.218975067138672,186983,132256
6.228272914886475,187026,132219
6.239580869674683,187148,132155
6.247318983078003,187276,132080
6.260237216949463,187428,132011
6.268364191055298,187605,132001
6.278850078582764,187788,131973
6.287753105163574,187993,131944
6.300047159194946,188234,131924
6.308870077133179,188477,131973
6.3191680908203125,188700,132050
6.328391075134277,188969,133122
6.3379151821136475,189298,138027
6.348902940750122,189696,141997
6.358932018280029,190293,146695
6.368484258651733,191044,150898
6.37808895111084,191888,154225
6.389147996902466,192885,155697
6.397217035293579,193757,155884
6.4079999923706055,194486,155199
6.418215036392212,195148,154930
6.428889036178589,195745,154948
6.437382936477661,196265,155418
6.45008111000061,196774,155943
6.458951950073242,197196,155891
6.47179388999939,197533,155554
6.478860139846802,197743,155284
6.487978935241699,197861,154806
6.49895715713501,197732,153722
6.508962154388428,197226,151556
6.518769979476929,196410,147560
6.528079032897949,195574,143834
6.54061222076416,194723,140959
6.549101114273071,193891,138269
6.558940887451172,192945,136073
6.568803071975708,191991,135007
6.580934286117554,191263,134509
6.590083122253418,190818,134147
6.597714900970459,190553,133875
6.6095359325408936,190101,133694
6.618757247924805,189535,133541
6.630353212356567,189084,133422
6.637882232666016,188898,133292
6.648340940475464,188870,133198
6.6587982177734375,188855,133119
6.669860124588013,188874,133025
6.678025960922241,188925,132957
6.688884019851685,188981,132907
6.699243068695068,189098,132863
6.709830284118652,189277,132807
6.719254016876221,189509,132772
6.728439092636108,189733,132745
6.739552974700928,189974,132734
6.747625112533569,190158,132713
6.758233070373535,190215,132741
6.768618106842041,190058,132828
6.779623031616211,189764,134803
6.787719964981079,189384,143043
6.798349142074585,189105,151874
6.808752059936523,189128,155234
6.8196611404418945,189426,155227
6.8279640674591064,189835,157219
6.83841609954834,190408,158114
6.84966516494751,191024,158478
6.8600499629974365,191654,158480
6.8686370849609375,192268,157842
6.8784260749816895,192905,157335
6.889052867889404,193482,156992
6.899576187133789,193995,156460
6.9097740650177,194451,155808
6.918572187423706,194822,154904
6.929964065551758,195106,154403
6.939596176147461,195283,154302
6.950240135192871,195369,154251
6.95924711227417,195269,153763
6.969452142715454,194880,152248
6.979540109634399,194058,149146
6.9909491539001465,192869,144218
6.999388933181763,191479,140926
7.009394884109497,190152,137568
7.018148183822632,189161,136098
7.028625249862671,188538,135481
7.039366245269775,188134,135082
7.049359083175659,187810,134737
7.058075904846191,187479,134528
7.068465948104858,187134,134342
7.079068899154663,186757,134238
7.089539051055908,186441,134144
7.09847092628479,186227,134043
7.108915090560913,186174,133959
7.119154930114746,186239,133908
7.129576921463013,186417,133835
7.14024806022644,186684,133764
7.149395942687988,187006,133712
7.161016225814819,187391,133699
7.1704089641571045,187911,133672
7.178355932235718,188562,133660
7.1902852058410645,189266,133686
7.199954986572266,189874,134586
7.211759090423584,190405,144461
7.218395233154297,190911,156413
7.229351043701172,191704,161018
7.239313125610352,192714,162115
7.249797105789185,193802,164198
7.258480072021484,194894,162423
7.269942998886108,195857,159189
7.279959201812744,196542,155943
7.291905164718628,197055,155199
7.3003950119018555,197463,156166
7.3091371059417725,197782,157195
7.320058107376099,198066,156985
7.328204154968262,198361,155964
7.339516878128052,198592,156275
7.34896993637085,198738,156324
7.360101222991943,198835,156302
7.3682801723480225,198884,156020
7.3787641525268555,198816,155669
7.3894031047821045,198601,155173
7.399680137634277,198168,153942
7.409246921539307,197555,151974
7.421844959259033,196704,148903
7.429599046707153,195751,145106
7.43978214263916,194720,142151
7.451182126998901,193855,139780
7.458931922912598,193187,138402
7.4699389934539795,192726,137713
7.479964971542358,192418,137282
7.488991975784302,192150,137025
7.499590158462524,191693,136858
7.5122621059417725,191048,136630
7.520164251327515,190362,136335
7.5287230014801025,189800,136017
7.539466142654419,189211,135810
7.549447059631348,188675,135592
7.560378074645996,188361,135406
7.568711042404175,188372,135244
7.5798540115356445,188538,135112
7.590579986572266,188711,134995
7.600136995315552,188753,134893
7.6104912757873535,188626,134820
7.61978816986084,188272,134752
7.630895137786865,187793,134703
7.640440225601196,187228,134651
7.649092197418213,186661,134609
7.6601762771606445,186089,134594
7.669980049133301,185559,134595
7.6805760860443115,185166,134607
7.68916916847229,184948,134685
7.699735164642334,184833,134787
7.710273027420044,184802,134923
7.718728065490723,184877,136671
7.7294652462005615,185115,137080
7.739589214324951,185519,137723
7.750958204269409,186068,137998
7.758697986602783,186725,138323
7.769653081893921,187480,139680
7.780482053756714,188222,145050
7.791671991348267,188994,149265
7.800129175186157,189835,151539
7.809428930282593,190599,153940
7.820446014404297,191295,155544
7.830318212509155,192011,155795
7.840739011764526,192654,155009
7.849840879440308,193260,154717
7.8607330322265625,193826,155274
7.870666980743408,194353,155170
7.879292964935303,194808,154685
7.890573024749756,195146,154294
7.900059223175049,195357,154348
7.910682201385498,195455,154312
7.919229984283447,195448,154016
7.930840015411377,195339,153925
7.940108060836792,194982,154063
7.950793981552124,194146,153408
7.959752082824707,192895,149772
7.972311019897461,191519,144645
7.980494022369385,190278,141767
7.988868236541748,189411,138465
7.999866247177124,188933,136916
8.010036945343018,188787,136427
8.020846128463745,188639,136090
8.029694080352783,188353,135753
8.040862083435059,187902,135612
8.050781011581421,187471,135504
8.06313705444336,187154,135418
8.069499254226685,186884,135331
8.079703092575073,186552,135241
8.091870069503784,186304,135150
8.100605010986328,186203,135065
8.109625101089478,186305,134954
8.119887113571167,186503,134863
8.130682229995728,186760,134794
8.141536951065063,187064,134740
8.149214029312134,187447,134679
8.159996032714844,187893,134621
8.170424222946167,188363,134600
8.180889129638672,188889,134582
8.189359188079834,189535,134572
8.20013689994812,190116,134571
8.21037220954895,190505,134740
8.222488164901733,190746,147337
8.229783058166504,191034,157600
8.242096900939941,191597,156957
8.251556158065796,192450,157268
8.261289119720459,193427,158767
8.271032094955444,194425,156527
8.280225038528442,195267,154493
8.291069030761719,195950,155097
8.29944396018982,196608,156248
8.311254024505615,197230,157421
8.320504188537598,197750,157883
8.333801031112671,198128,157811
8.340054035186768,198478,157606
8.349771976470947,198803,157341
8.360415935516357,199052,156762
8.370843172073364,199102,156253
8.38142704963684,198925,155684
8.389971017837524,198415,154264
8.401305198669434,197708,151853
8.412338018417358,196791,148638
8.419542074203491,195764,143654
8.43113112449646,194802,140372
8.441209077835083,193948,139258
8.451338052749634,193089,138286
8.45974087715149,192319,137713
8.471306085586548,191501,137198
8.48058795928955,190496,136575
8.491972208023071,189173,136293
8.4997398853302,187881,136135
8.510890007019043,186740,135969
8.5207040309906,185844,135838
8.531366109848022,185070,135709
8.539985179901123,184389,135583
8.550456047058105,183902,135457
8.56088399887085,183723,135355
8.573079109191895,183757,135262
8.580934286117554,183939,135188
8.591468095779419,184229,135109
8.601990938186646,184626,135046
8.612626075744629,185092,134999
8.6200692653656,185608,134960
8.63356900215149,186199,134940
8.641417026519775,186843,134958
8.652801990509033,187437,135030
8.660625219345093,187939,138871
8.670704126358032,188319,154273
8.681865930557251,188906,158693
8.691626071929932,189765,159807
8.70264196395874,190763,161969
8.710789203643799,191745,161556
8.723006010055542,192591,159314
8.73184609413147,193258,158095
8.741429090499878,193796,157542
8.750984907150269,194184,157435
8.76201605796814,194431,157227
8.771864175796509,194548,156947
8.780683994293213,194574,156412
8.791190147399902,194564,156118
8.80251693725586,194526,155748
8.812129974365234,194446,155542
8.82227110862732,194276,155591
8.831099271774292,193950,155461
8.842598915100098,193447,154528
8.85273027420044,192812,152766
8.863299131393433,192058,150341
8.87125301361084,191182,147063
8.884021043777466,190283,143143
8.892300128936768,189472,140259
8.90176010131836,188831,138950
8.91139817237854,188389,138013
8.922474145889282,188063,137646
8.932384014129639,187741,137061
8.940871953964233,187377,136734
8.95136308670044,186979,136519
8.96349811553955,186646,136341
8.972369909286499,186443,136184
8.981595993041992,186314,136033
8.991536855697632,186189,135889
9.002254009246826,186109,135745
9.012431144714355,186153,135642
9.022964000701904,186325,135553
9.03160309791565,186526,135484
9.04219126701355,186798,135406
9.05270504951477,187103,135349
9.062609195709229,187403,135307
9.071805953979492,187703,135273
9.08367109298706,188000,135240
9.092842102050781,188192,135242
9.101984024047852,188297,135280
9.112603902816772,188344,135417
9.122781038284302,188403,139508
9.1343412399292,188528,144905
9.141449928283691,188875,149087
9.153219223022461,189577,149503
9.162823915481567,190467,149640
9.17445707321167,191393,149464
9.181556940078735,192223,149159
9.192475080490112,192885,150428
9.202566862106323,193559,152253
9.21156096458435,194253,153493
9.22169303894043,194940,154129
9.232671022415161,195586,154905
9.242699146270752,196179,155044
9.251802206039429,196636,155026
9.261928081512451,196946,154970
9.272568225860596,197000,154834
9.282837152481079,196851,154011
9.292221069335938,196509,151974
9.302768230438232,196050,149146
9.31364107131958,195489,146442
9.324007987976074,194809,143822
9.334878921508789,193949,141317
9.342119932174683,192902,139642
9.352870225906372,191672,138792
9.363238096237183,190043,137789
9.371609210968018,188091,137275
9.384083986282349,186344,136726
9.393186092376709,185039,136382
9.403675079345703,184158,136133
9.411700010299683,183532,135942
9.42231822013855,183036,135781
9.43276309967041,182649,135668
9.444804191589355,182340,135589
9.4518461227417,182208,135505
9.462446212768555,182277,135430
9.472769975662231,182441,135370
9.485113143920898,182670,135324
9.491744041442871,182957,135277
9.502717971801758,183341,135240
9.512891292572021,183767,135199
9.523464918136597,184159,135184
9.531959056854248,184564,135145
9.54437804222107,185068,135134
9.552869081497192,185580,135136
9.564856052398682,186071,135172
9.572679042816162,186605,135961
9.584599018096924,187078,150607
9.595093011856079,187721,161577
9.60534405708313,188576,161173
9.612585067749023,189549,162278
9.62267804145813,190588,162330
9.633423089981079,191567,158436
9.645722150802612,192346,155013
9.652868032455444,192895,155141
9.66279911994934,193276,156334
9.67352294921875,193533,156304
9.683763980865479,193568,155647
9.692622184753418,193433,154515
9.703129053115845,193119,153244
9.714248895645142,192533,151641
9.723943948745728,191606,149092
9.734883069992065,190573,146313
9.743124961853027,189492,142378
9.754229068756104,188354,139354
9.764145851135254,187296,138505
9.773964166641235,186472,137707
9.783071041107178,185872,137130
9.79492998123169,185329,136805
9.804075002670288,184783,136544
9.813016176223755,184288,136307
9.823156118392944,183989,136160
9.83378791809082,183932,136049
9.84414005279541,183954,135947
9.854270935058594,183936,135855
9.863280057907104,183811,135780
9.87474513053894,183761,135710
9.88435411453247,183774,135637
9.892837047576904,183769,135590
9.903244018554688,183823,135548
9.913803100585938,183944,135509
9.924276113510132,184065,135466
9.93394422531128,184263,135435
9.943993091583252,184557,135404
9.954303979873657,184963,135374
9.964926958084106,185459,135347
9.975117206573486,185967,135331
9.984123229980469,186530,135317
9.994105100631714,187075,135315
10.007542133331299,187541,135344
10.014009237289429,187962,135544
10.02366590499878,188415,148213
10.034335136413574,189089,159540
10.04470705986023,190080,159707
10.05459213256836,191092,160303
10.063853025436401,192132,160852
10.07470703125,193204,157708
10.084865093231201,194201,154528
10.094388961791992,195041,154239
10.104817867279053,195689,154534
10.115098237991333,196252,154594
10.125030279159546,196749,153898
10.135158061981201,197154,153524
10.145207166671753,197427,153602
10.155705213546753,197467,153503
10.166073083877563,197048,153364
10.176207065582275,196367,151822
10.18477487564087,195473,149525
10.194928169250488,194112,146648
10.205957174301147,192493,141241
10.213755130767822,191205,138337
10.224449157714844,190036,137771
10.235421895980835,188853,137211
10.245863914489746,187509,136814
10.25389814376831,185967,136586
10.26511526107788,184481,136379
10.27465295791626,183305,136224
10.285875082015991,182411,136146
10.293823003768921,181797,136051
10.305030107498169,181398,135968
10.314778089523315,181152,135910
10.325988054275513,180863,135857
10.333972930908203,180537,135773
10.344739198684692,180356,135713
10.354992866516113,180474,135682
10.365669250488281,180263,135651
10.374352216720581,180313,135602
10.385822057723999,180452,135569
10.395452976226807,180837,135544
10.405740022659302,181364,135512
10.41513705253601,182005,135478
10.426849126815796,182707,135456
10.435297012329102,183415,135441
10.44859004020691,184092,135414
10.455174922943115,184765,135401
10.464922189712524,185376,135402
10.47620415687561,185951,135415
10.485933065414429,186382,135442
10.494452953338623,186638,145796
10.504810094833374,186877,152699
10.515249967575073,187349,152042
10.52587604522705,188009,151566
10.53455114364624,188774,150027
10.545212030410767,189506,146904
10.5554780960083,190106,144970
10.566358089447021,190620,144872
10.577300071716309,191006,145594
10.585642099380493,191270,146796
10.595702171325684,191512,147428
10.60771894454956,191635,147497
10.614788055419922,191418,147534
10.626735210418701,190855,147029
10.636271238327026,190133,145253
10.64447808265686,189299,143001
10.654853105545044,188407,139594
10.666830062866211,187457,137427
10.675877094268799,186692,137139
10.68555498123169,186237,136735
10.694920063018799,185998,136410
10.707256078720093,185723,136222
10.716068029403687,185033,136036
10.726387023925781,183953,135897
10.73501706123352,182729,135837
10.748757123947144,181430,135763
10.756323099136353,180817,135705
10.764653205871582,180959,135655
10.775346994400024,181306,135595
10.785682916641235,181576,135544
10.796152114868164,181556,135510
10.804786920547485,181393,135473
10.815217018127441,181168,135442
10.826726913452148,180750,135411
10.83724594116211,180414,135384
10.845289945602417,180308,135363
10.855282068252563,180510,135340
10.867035150527954,180852,135329
10.876251935958862,181224,135308
10.884871006011963,181474,135291
10.895374059677124,181752,135274
10.906267166137695,182189,135264
10.91641902923584,182826,135234
10.925184965133667,183725,135239
10.935687065124512,184791,135237
10.946454048156738,185865,135251
10.957787990570068,186921,135265
10.96517825126648,187778,135363
10.975458145141602,188437,137751
10.98604702949524,188902,148504
10.996854066848755,189774,155929
11.005070209503174,190744,158681
11.015957117080688,191487,160400
11.02613615989685,192283,160962
11.03706407546997,193004,157380
11.045326232910156,193436,152801
11.055703163146973,193645,149289
11.06683611869812,193641,147745
11.076761245727539,193412,146148
11.085869073867798,192940,143711
11.095849990844727,192148,142532
11.107014179229736,191105,139828
11.116933107376099,189911,137874
11.125840187072754,188819,137344
11.135998964309692,187897,136898
11.14714503288269,186899,136548
11.156930208206177,185726,136333
11.165856122970581,184511,136156
11.177733182907104,183415,136047
11.189023971557617,182280,135992
11.198122024536133,181084,135903
11.205751180648804,179895,135830
11.216744899749756,178906,135774
11.226754188537598,178355,135719
11.239569902420044,178011,135666
11.245884895324707,177726,135624
11.25640606880188,177303,135585
11.266960144042969,176547,135546
11.277488231658936,175959,135520
11.28649616241455,175635,135494
11.296663045883179,175429,135468
11.307431936264038,175354,135436
11.317675113677979,175400,135423
11.327635049819946,175663,135394
11.336584091186523,176321,135362
11.347163915634155,177299,135348
11.357568979263306,178617,135336
11.366619110107422,179959,135314
11.377839088439941,180663,135296
11.388315200805664,180727,135276
11.397585153579712,180628,135268
11.406434059143066,180861,135256
11.416967868804932,181521,135257
11.42719316482544,182513,135276
11.43896198272705,183646,135343
11.44636607170105,184518,135677
11.457447052001953,184990,143896
11.467380046844482,185355,152062
11.477879047393799,185619,153326
11.486982107162476,185664,153455
11.499444007873535,185924,153463
11.50763487815857,186402,150229
11.518131017684937,186701,144727
11.528029918670654,186726,141310
11.537082195281982,186354,139930
11.547651052474976,185819,139363
11.558104038238525,185083,138395
11.56682801246643,183996,137418
11.578509092330933,183005,136839
11.589386940002441,182440,136468
11.598310947418213,182127,136185
11.606726169586182,181932,135989
11.617478847503662,180774,135855
11.627758026123047,178872,135765
11.638421058654785,177724,135685
11.646892070770264,177588,135653
11.657407999038696,177917,135588
11.667932033538818,178515,135538
11.67908000946045,179052,135496
11.686982154846191,179335,135467
11.699810028076172,179077,135432
11.708731889724731,178632,135406
11.71857213973999,178275,135377
11.727065086364746,177790,135359
11.737704992294312,177221,135336
11.749360084533691,176871,135314
11.758610963821411,176567,135297
11.768692016601562,176090,135289
11.777783155441284,175549,135270
11.788351058959961,175503,135258
11.79889702796936,176108,135237
11.807619094848633,177158,135220
11.818359136581421,178609,135217
11.828663110733032,180283,135201
11.838988065719604,182161,135184
11.847352027893066,184047,135179
11.85827898979187,185674,135166
11.868368148803711,186953,135156
11.879160165786743,187838,135152
11.887603998184204,188410,135156
11.899002075195312,188734,135148
11.909149885177612,188955,142741
11.92096996307373,189582,148905
11.927644968032837,190379,149134
11.937948942184448,191127,149489
11.949392080307007,192028,148997
11.959160089492798,192922,146569
11.968572854995728,193636,144076
11.978137016296387,194140,142634
11.988588094711304,194483,141841
12.000180959701538,194712,141903
12.00768518447876,194645,141815
12.01858401298523,194406,141685
12.029036045074463,194062,141284
12.039314031600952,193606,141011
12.04789924621582,192912,140717
12.059099197387695,191837,140035
12.068907022476196,190542,139068
12.07773494720459,189036,137306
12.089166164398193,187380,136394
12.099672079086304,185740,136226
12.109295129776001,183993,136109
12.118091106414795,182073,135993
12.128093957901001,180506,135812
12.138550996780396,179549,135681
12.149168252944946,179302,135576
12.157598972320557,179224,135547
12.168399095535278,179127,135503
12.179660081863403,178961,135439
12.190335035324097,178692,135413
12.199599266052246,178708,135384
12.208294868469238,178724,135329
12.220004081726074,178522,135296
12.229334115982056,178201,135269
12.238234043121338,177304,135257
12.248375177383423,176282,135234
12.259011030197144,175533,135211
12.269590139389038,175026,135195
12.280466079711914,174905,135185
12.288984060287476,175064,135165
12.299067974090576,175281,135148
12.31008505821228,175553,135135
12.318093061447144,175956,135126
12.33005428314209,176548,135106
12.339077234268188,177164,135091
12.349773168563843,177779,135083
12.358247995376587,178230,135076
12.368797063827515,178505,135067
12.380279064178467,178720,135055
12.390727043151855,179524,135053
12.398223161697388,181114,135046
12.408803224563599,182792,135040
12.419188976287842,184259,135040
12.429728031158447,185402,135061
12.438699960708618,186050,135063
12.448755025863647,186206,136729
12.461252212524414,186040,143913
12.470462083816528,186140,146057
12.480780124664307,186240,146378
12.489109992980957,186761,146453
12.499620199203491,187517,144943
12.510297060012817,188227,142029
12.51846194267273,188694,140320
12.530129194259644,188911,139967
12.539440870285034,189034,140141
12.551230907440186,189080,139871
12.559133052825928,189062,139550
12.571853160858154,189010,139311
12.5799081325531,188579,139137
12.590194940567017,187738,138924
12.601245880126953,186873,138382
12.609217166900635,186268,136884
12.620057106018066,185863,136126
12.630130052566528,185553,136006
12.63955307006836,184933,135974
12.649409055709839,183852,135815
12.661530256271362,182587,135596
12.670665979385376,181023,135451
12.67904806137085,179565,135348
12.689803123474121,178870,135298
12.70003890991211,178994,135271
12.710664987564087,179468,135224
12.718912124633789,180042,135172
12.729448080062866,180584,135159
12.739947080612183,181126,135125
12.750411033630371,181629,135090
12.759037017822266,181919,135068
12.769663095474243,181949,135066
12.78345012664795,181882,135051
12.79066014289856,181825,135033
12.799142122268677,181794,135013
12.811131238937378,181863,135016
12.820554971694946,182110,135019
12.831438064575195,182572,135023
12.83967900276184,183243,135035
12.850409030914307,184107,135089
12.860254049301147,184997,135213
12.870750904083252,185652,137819
12.879414081573486,186339,145959
12.88996410369873,187356,149213
12.900573015213013,188182,150698
12.911026000976562,189032,151751
12.919645071029663,190219,152117
12.930408000946045,191385,150519
12.940567016601562,192185,147887
12.952250242233276,192403,146645
12.959658145904541,192133,147219
12.970181226730347,191689,147659
12.981336116790771,191205,147449
12.992423057556152,190766,147388
12.999815940856934,190406,147280
13.010327100753784,190256,147261
13.02128791809082,190405,146979
13.031280994415283,190549,145749
13.040766954421997,190501,144997
13.050344944000244,189991,144894
13.061436891555786,188873,144930
13.071150064468384,187335,143772
13.079933881759644,185945,142398
13.090362071990967,185027,139849
13.10090708732605,184425,137109
13.113125085830688,184103,136656
13.119911909103394,183764,136367
13.131175994873047,183259,136104
13.140927076339722,182225,135909
13.151484966278076,180635,135755
13.160430192947388,179285,135662
13.172165155410767,178631,135596
13.181624174118042,178537,135567
13.191596984863281,178886,135494
13.200827836990356,179339,135458
13.210854291915894,179676,135436
13.22380018234253,179783,135375
13.231823205947876,179593,135332
13.24052619934082,179295,135311
13.25072693824768,179150,135299
13.261604070663452,179063,135264
13.272487878799438,179002,135242
13.283339023590088,178964,135228
13.291640043258667,178991,135218
13.301475048065186,179133,135199
13.312349081039429,179527,135191
13.320505142211914,180203,135195
13.331077098846436,181149,135180
13.341551065444946,182317,135182
13.353409051895142,183387,135197
13.361578941345215,184185,135224
13.375169038772583,184765,135273
13.381855964660645,185221,139643
13.392027854919434,185868,148059
13.401264905929565,186732,150637
13.411107063293457,187536,151853
13.422896146774292,188469,152817
13.43218994140625,189410,152099
13.441940069198608,190218,149104
13.452085971832275,190883,146317
13.461808204650879,191356,145189
13.47246527671814,191801,145597
13.481861114501953,192082,145459
13.4915452003479,192106,145253
13.502057075500488,191762,145089
13.5124990940094,191079,144514
13.521331071853638,190256,143083
13.531537294387817,189400,142007
13.54221796989441,188709,140423
13.553892135620117,188210,137615
13.561110019683838,187778,136797
13.572149991989136,187230,136540
13.582098960876465,186434,136365
13.594043254852295,185279,136194
13.601140022277832,183802,136009
13.611918210983276,182322,135830
13.622254133224487,181329,135728
13.6333749294281,180748,135657
13.642015933990479,180456,135573
13.652460098266602,180522,135492
13.662965059280396,180867,135458
13.67285704612732,181236,135401
13.683101892471313,181465,135352
13.692614078521729,181584,135309
13.70402717590332,181653,135303
13.713041305541992,181573,135272
13.72144889831543,181499,135246
13.732598066329956,181523,135226
13.742414236068726,181706,135219
13.754860162734985,181895,135197
13.761659860610962,182166,135188
13.77225923538208,182674,135170
13.782675981521606,183520,135178
13.793072938919067,184444,135169
13.803654193878174,185107,135182
13.81272292137146,185317,135194
13.824281215667725,185151,135218
13.833722114562988,184811,140158
13.841882228851318,184652,147075
13.8528311252594,184676,147640
13.862893104553223,184910,148431
13.87421703338623,185368,149117
13.883344173431396,185883,147945
13.894872188568115,186231,145124
13.903086185455322,186475,143674
13.913575887680054,186779,144085
13.924049854278564,187083,144193
13.932655096054077,187352,143744
13.944773197174072,187626,143439
13.951738119125366,187858,143189
13.96203899383545,188043,142995
13.973916053771973,188033,142927
13.983183145523071,187746,142728
13.991837978363037,187102,142194
14.002182960510254,186042,141417
14.014235258102417,184996,140552
14.023742914199829,184024,138089
14.031837940216064,183241,136601
14.042634963989258,182728,136344
14.05295705795288,182313,136088
14.064345121383667,181996,135871
14.072012186050415,181763,135705
14.0833261013031,181572,135569
14.093041896820068,181331,135492
14.105014085769653,180931,135471
14.113131999969482,180577,135451
14.122584104537964,180509,135394
14.133591175079346,180376,135363
14.146528005599976,180056,135338
14.152304887771606,179752,135302
14.164416074752808,179636,135263
14.173347234725952,179767,135251
14.183785915374756,180090,135230
14.19444990158081,180432,135220
14.205075025558472,180902,135196
14.214139938354492,181492,135192
14.22402310371399,182182,135184
14.232646942138672,183034,135174
14.242864847183228,183839,135171
14.254244089126587,184480,135161
14.263949155807495,184940,135148
14.273528099060059,185356,142223
14.283056259155273,186121,145690
14.29386591911316,186938,145557
14.304681062698364,187893,145988
14.315377950668335,188936,145671
14.323248863220215,189929,143765
14.333661079406738,190601,141813
14.344604015350342,191058,141039
14.3526930809021,191396,141435
14.363483905792236,191414,141391
14.373713970184326,191020,141276
14.384590148925781,190224,141065
14.392853021621704,189159,140459
14.40426230430603,188179,139953
14.41376805305481,187398,139180
14.424333095550537,186646,137016
14.434242010116577,186041,136145
14.445173978805542,185633,135884
14.454439878463745,185019,135735
14.46609115600586,183709,135621
14.473927974700928,181802,135496
14.483874082565308,179999,135413
14.495323181152344,178622,135339
14.505168199539185,177748,135336
14.514852046966553,177467,135322
14.523746013641357,177433,135264
14.535835981369019,177546,135251
14.544703960418701,177743,135225
14.554580926895142,177795,135188
14.563650131225586,177679,135152
14.576120138168335,177457,135134
14.584852933883667,177075,135129
14.59482216835022,176776,135106
14.60417628288269,176741,135097
14.616074085235596,177042,135081
14.626622915267944,177629,135069
14.633386135101318,178359,145671
14.644657850265503,179199,135052
14.654950857162476,180335,135045
14.665212869644165,181428,135035
14.673588037490845,182128,141435
14.685565948486328,182279,135020
14.694541215896606,182066,135012
14.706620931625366,181706,134994
14.713657140731812,181479,134988
14.725533962249756,181513,138823
14.734719038009644,181952,140973
14.74533987045288,182290,140846
14.754213094711304,182880,140676
14.764393091201782,183737,140654
14.775620222091675,184632,139951
14.785410165786743,185276,138997
14.793728113174438,185817,138700
14.804306983947754,186301,138945
14.814821243286133,186808,139058
14.825254201889038,187151,138927
14.834798097610474,187249,138746
14.84433102607727,187148,138506
14.85585904121399,186927,138405
14.865325212478638,186484,138343
14.875026941299438,185798,138204
14.885288000106812,184858,137998
14.895756006240845,184104,137619
14.906016111373901,183512,137166
14.91602110862732,182825,136010
14.92509913444519,182332,135596
14.938040018081665,182025,135378
14.946884155273438,181689,135294
14.95408320426941,181377,135280
14.96504020690918,180870,135204
14.975301265716553,180004,135138
14.986279964447021,178916,135035
14.994254112243652,178012,135098
15.006033182144165,177608,135086
15.015184164047241,177659,135051
15.027413129806519,177858,134994
15.035654306411743,178086,135010
15.04591417312622,178313,134982
15.057074069976807,178528,134974
15.067285060882568,178741,134961
15.075834274291992,179020,134951
15.085104942321777,179362,134943
15.095509052276611,179716,134936
15.106083154678345,180092,134917
15.115813255310059,180658,134924
15.12515902519226,181447,134929
15.136175155639648,182371,134938
15.146182298660278,183243,134954
15.156323194503784,183946,135003
15.16533088684082,184471,135112
15.177508115768433,184844,142112
15.186290979385376,185542,149673
15.195523023605347,186384,151048
15.205193042755127,187433,152422
15.216188907623291,188664,152789
15.22652006149292,189899,150647
15.236229181289673,190937,147237
15.245880126953125,191667,144707
15.258485078811646,192268,144040
15.265059232711792,192752,144435
15.27506399154663,193135,144245
15.28627896308899,193418,144169
15.296104907989502,193661,135138
15.304744005203247,193693,143984
15.315197944641113,193389,143943
15.326106071472168,192676,143725
15.33619999885559,191714,135051
15.34516191482544,190686,142178
15.356029987335205,189766,140924
15.366182088851929,189044,140009
15.376564979553223,188414,137914
15.387233018875122,187749,136454
15.396440029144287,186792,136186
15.408241033554077,185636,136021
15.416660070419312,184488,135962
15.425489902496338,183370,135882
15.436805248260498,182372,135778
15.44615912437439,181500,135660
15.456806182861328,180950,135582
15.465005159378052,180769,135523
15.475790023803711,181001,135454
15.485963106155396,181329,135384
15.496804237365723,181517,135330
15.505214929580688,181578,135306
15.515667915344238,181392,135266
15.526406288146973,180496,135230
15.53664517402649,179290,135212
15.545599937438965,178088,135202
15.558235168457031,177115,135174
15.566588878631592,176199,135154
15.576864957809448,175421,135153
15.58542799949646,174959,135139
15.595930099487305,174911,135117
15.606701135635376,175288,144169
15.630330085754395,176001,135079
15.643386125564575,177017,135054
15.649769067764282,178047,135031
15.6599440574646,179072,135027
15.670518159866333,180235,135024
15.680902242660522,181332,134995
15.689491033554077,182168,134971
15.700011014938354,182819,136578
15.711071968078613,183356,137885
15.720981121063232,183889,137412
15.730067014694214,184584,137539
15.741097927093506,185150,137677
15.752385139465332,185846,136693
15.761173963546753,186629,135918
15.770451068878174,187445,135669
15.780624151229858,188414,135516
15.790808200836182,189303,135339
15.801915884017944,189833,135380
15.809773206710815,190118,135371
15.820230960845947,190157,135375
15.830735206604004,189955,135380
15.841609001159668,189615,135322
15.850193977355957,189185,135295
15.860440015792847,188587,135229
15.871823072433472,187800,135129
15.879696130752563,186825,135032
15.89156198501587,185656,134954
15.900962114334106,184496,135010
15.911553144454956,183670,135096
15.919615983963013,183298,134878
15.93013620376587,183295,134992
15.940624237060547,183243,134890
15.95114803314209,182818,134792
15.959782838821411,182232,134855
15.970332860946655,181720,134958
15.981082201004028,181411,134936
15.99134111404419,181345,134940
16.00036096572876,181425,134937
16.01062297821045,181479,134917
16.020952224731445,181432,134896
16.031193017959595,181364,134894
16.04077410697937,181193,134881
16.05033016204834,180748,134861
16.060884952545166,179814,134828
16.07131314277649,178825,134811
16.08119511604309,178447,134804
16.090416193008423,178602,134789
16.102823972702026,178994,134784
16.111485958099365,179419,134762
16.121403217315674,179930,134748
16.130917072296143,180536,134743
16.143569231033325,181160,134741
16.151721000671387,181742,134732
16.16069006919861,182288,134734
16.170745134353638,182775,134731
16.18110418319702,183313,134736
16.19391894340515,183896,136260
16.20025396347046,184528,143620
16.210889101028442,185135,144144
16.221254110336304,185937,144245
16.22990107536316,186889,144842
16.240437030792236,187772,143865
16.251029014587402,188673,141216
16.26171326637268,189496,138507
16.272624254226685,190130,138362
16.281606912612915,190600,138090
16.29133701324463,191030,138188
16.302248001098633,191427,138298
16.31020712852478,191640,138367
16.32172918319702,191803,138309
16.331125020980835,191849,138146
16.342260122299194,191699,138135
16.350172996520996,191189,138076
16.360658884048462,190309,137987
16.371117115020752,189206,137885
16.38198709487915,188013,137786
16.390748977661133,186752,137591
16.402501106262207,185434,137408
16.41142201423645,183983,137159
16.42411708831787,182555,136906
16.430483102798462,181395,136548
16.440959930419922,180557,135600
16.451655864715576,180149,135307
16.461976051330566,180048,135317
16.470726251602173,179986,135203
16.4810471534729,179867,135113
16.49264693260193,179150,135069
16.501179218292236,177724,135006
16.511720895767212,176453,134977
16.521244049072266,175978,134972
16.53413200378418,176017,134968
16.540541887283325,175910,134964
16.55071997642517,175750,134923
16.561837196350098,175711,134944
16.571714162826538,176038,134921
16.58087921142578,176577,134876
16.59085202217102,177200,134853
16.602341175079346,177776,134868
16.611821174621582,178152,134856
16.620675086975098,178065,134829
16.6322500705719,177717,134829
16.643943071365356,177430,134848
16.652323007583618,177368,134862
16.660640954971313,177434,134867
16.67177391052246,177533,134898
16.681663036346436,177826,134972
16.693644046783447,178472,135085
16.700517177581787,179329,136040
16.711225032806396,180352,141505
16.721764087677002,181280,146036
16.73233699798584,182070,149031
16.742811918258667,183032,151191
16.75128197669983,184030,152148
16.76250910758972,185137,150264
16.7704119682312,186237,147429
16.781426906585693,187199,145568
16.791398286819458,187962,144806
16.80191206932068,188537,144493
16.810455083847046,189088,144034
16.82119917869568,189561,144164
16.831528902053833,190001,144056
16.84264302253723,190365,143916
16.851131200790405,190576,143944
16.86150813102722,190344,143433
16.872703075408936,189701,142305
16.882821083068848,188885,141096
16.891453981399536,187874,140403
16.901530265808105,186321,138231
16.911943912506104,184669,136512
16.922317028045654,183332,136233
16.932773113250732,182335,135951
16.941360235214233,181615,135738
16.95243811607361,180934,135622
16.96246910095215,180054,135473
16.971099138259888,178800,135363
16.981450080871582,177129,135339
16.992083072662354,174534,135301
17.002928972244263,172410,135270
17.013525009155273,171700,135222
17.02280306816101,171759,135171
17.032663106918335,172196,135145
17.042139291763306,172742,135114
17.05111026763916,173441,135097
17.061856985092163,174471,135066
17.072121143341064,175731,135044
17.082362174987793,177006,135016
17.091236114501953,178225,135015
17.10195517539978,179618,134985
17.11238408088684,181124,134994
17.122928142547607,182537,134955
17.13147497177124,183602,134959
17.14459490776062,184318,134943
17.152990102767944,184684,135949
17.161098957061768,184764,135404
17.171885013580322,184767,135141
17.182076930999756,184647,134780
17.192914962768555,184710,134463
17.201205015182495,185145,134732
17.21256399154663,185393,135453
17.22216820716858,185710,134571
17.232580184936523,186047,134511
17.241426944732666,186222,134566
17.253058195114136,186703,134703
17.262192964553833,187262,134584
17.274975061416626,187369,134631
17.281600952148438,187340,134688
17.291796922683716,187393,134655
17.302293062210083,187350,134685
17.312705039978027,186958,134691
17.32143807411194,186479,134672
17.331833124160767,186067,134627
17.342820167541504,185561,134625
17.35207200050354,184771,134623
17.36252999305725,183697,134620
17.372406005859375,182264,134510
17.383451223373413,180707,134607
17.391561031341553,179510,134850
17.401681900024414,178578,134888
17.413202047348022,177921,134823
17.422922134399414,177389,134722
17.432775020599365,176448,134595
17.441816091537476,175205,134566
17.45288395881653,174003,134553
17.46282696723938,172464,134572
17.471755981445312,171254,134620
17.481926202774048,170217,134542
17.49403214454651,169429,134455
17.503000020980835,169240,134344
17.51150107383728,169274,134300
17.522566080093384,169304,134281
17.532559156417847,169387,134275
17.54389715194702,169308,134273
17.55155301094055,169312,134313
17.562773942947388,169720,134349
17.572476863861084,170378,134374
17.581972122192383,171060,134388
17.59225296974182,171723,134347
17.605031967163086,172589,134280
17.615652084350586,173991,134370
17.62133002281189,175838,134396
17.632099151611328,177819,134454
17.642338037490845,179430,134493
17.6529221534729,180530,134799
17.661400079727173,181207,136154
17.673102140426636,181592,133983
17.68250799179077,181925,134049
17.69303297996521,182877,134232
17.70154595375061,184099,134130
17.714555978775024,185308,134071
17.722779989242554,186323,134135
17.73305106163025,187235,134285
17.742935180664062,188040,134530
17.752206087112427,188575,134215
17.764616012573242,188793,134209
17.77321195602417,188708,134281
17.783766984939575,188325,134223
17.792453050613403,187716,134181
17.803297996520996,186965,134195
17.813690185546875,186135,134215
17.822265148162842,185102,134212
17.833648204803467,183974,134174
17.843462228775024,182850,134223
17.852619171142578,181678,134342
17.86199402809143,180187,134460
17.87293004989624,178419,134482
17.882983922958374,177146,134419
17.89179015159607,176426,134302
17.902143001556396,176203,134177
17.91273593902588,175818,134119
17.923367977142334,174596,134109
17.931870937347412,171870,134173
17.9438259601593,169368,134204
17.953397035598755,168491,134171
17.963558197021484,168536,134016
17.971862077713013,169056,133922
17.982789278030396,169341,133830
17.992928981781006,169236,133799
18.004252910614014,169053,133813
18.012999057769775,169002,133862
18.024283170700073,169336,133915
18.033509254455566,170007,133949
18.046059131622314,170857,133992
18.052541971206665,171600,133980
18.062471866607666,172152,133919
18.073976039886475,172757,133983
18.08350896835327,173750,134061
18.092624187469482,175019,134102
18.102545976638794,176247,134123
18.114845991134644,177204,134202
18.12359619140625,177923,135632
18.133808135986328,178404,134234
18.14270806312561,178861,133996
18.15534019470215,179741,133910
18.164188861846924,180451,133829
18.172343015670776,181395,133918
18.183412075042725,182795,134173
18.193307876586914,184316,134018
18.201966047286987,185670,134031
18.212456941604614,186868,134002
18.223430156707764,187834,134002
18.233368158340454,188578,133993
18.24284815788269,189063,133981
18.253199100494385,189252,133999
18.263231992721558,189021,133994
18.274610996246338,188403,133988
18.28204321861267,187399,133960
18.29348111152649,185911,133964
18.303234100341797,183809,133967
18.314171075820923,181399,133984
18.322092056274414,179379,134094
18.33280301094055,177899,134436
18.34321403503418,176733,134482
18.353647232055664,175950,134260
18.362476110458374,175128,134021
18.374958038330078,173925,133814
18.383795022964478,173036,133809
18.393840074539185,172271,133853
18.4024920463562,171710,133946
18.412912130355835,171212,133804
18.425364017486572,169969,133791
18.433911085128784,168490,133749
18.44270896911621,167529,133700
18.453009128570557,166734,133713
18.463621139526367,166242,133779
18.47464108467102,165968,133814
18.483553171157837,165632,133849
18.494192838668823,165278,133853
18.50432014465332,165238,133866
18.51482105255127,165496,133874
18.52278208732605,165747,133892
18.533541202545166,166045,133902
18.54377508163452,166426,133925
18.553097009658813,166751,133886
18.564106941223145,167151,133891
18.576092004776,167723,133892
18.584891080856323,168536,133859
18.59247899055481,169671,133787
18.60444712638855,171683,133735
18.613555908203125,174544,133724
18.624880075454712,177184,133748
18.632662057876587,179304,133738
18.643632173538208,181112,133803
18.65381622314453,182200,133948
18.66426396369934,182702,136539
18.673241138458252,183616,133479
18.68325924873352,185661,133724
18.69368600845337,186386,134001
18.704308032989502,186586,133975
18.713187217712402,187258,133913
18.72323513031006,188492,133940
18.733969926834106,189758,134018
18.742921113967896,190386,134005
18.753173112869263,190442,134159
18.763514041900635,189931,134018
18.77443504333496,189044,133987
18.782799243927002,187652,134019
18.793084859848022,185931,134008
18.803643941879272,184515,134039
18.813932180404663,183579,134139
18.823517084121704,182922,134137
18.833463191986084,182220,134046
18.843626022338867,181534,134018
18.855602025985718,180569,134004
18.86270308494568,178592,134090
18.875037908554077,175918,134231
18.883767127990723,173725,134296
18.894887924194336,172597,134206
18.903695106506348,172719,134065
18.91452383995056,172946,133903
18.92452621459961,172793,133891
18.936816215515137,172372,133836
18.94317102432251,171690,133705
18.953386068344116,170913,133766
18.964198112487793,169776,133823
18.974524974822998,168292,133878
18.983280181884766,167043,133874
18.994182109832764,166215,133864
19.005223035812378,165763,133877
19.01457905769348,165744,133887
19.02345108985901,165972,133906
19.033729076385498,166538,133894
19.04414415359497,167391,133869
19.052860021591187,168457,133774
19.063251972198486,169836,133752
19.074146032333374,171575,133752
19.08705711364746,173554,133731
19.096386194229126,175528,133758
19.103494882583618,177316,133832
19.113901138305664,178827,133863
19.125457286834717,179766,134188
19.13294005393982,180315,136717
19.14449906349182,180692,133538
19.153959035873413,181929,133529
19.164708137512207,183455,133754
19.173326015472412,184777,133839
19.18382692337036,186507,133792
19.194144010543823,187988,133796
19.204623222351074,189513,133858
19.213205099105835,190903,133916
19.223778009414673,191373,134057
19.235169172286987,191364,133804
19.24457287788391,191135,133809
19.254690170288086,190606,133877
19.264158964157104,189723,133836
19.274213075637817,188588,133841
19.286200046539307,187213,133837
19.293313026428223,185580,133832
19.30436396598816,183571,133814
19.314264059066772,181679,133810
19.325970888137817,179967,134035
19.334819078445435,178321,134255
19.345525979995728,176540,134222
19.354544162750244,174745,134090
19.363129138946533,173465,133916
19.374203205108643,173188,133716
19.38409185409546,173220,133644
19.394971132278442,173463,133658
19.40316605567932,173646,133657
19.41592812538147,173538,133566
19.424464225769043,173223,133613
19.436399221420288,172594,133607
19.443443059921265,171623,133618
19.453906059265137,170604,133705
19.464555025100708,169890,133722
19.474760055541992,169717,133732
19.483391046524048,170050,133720
19.493897914886475,170756,133700
19.504517078399658,171693,133646
19.514889001846313,172647,133604
19.52420997619629,173607,133625
19.53464913368225,174762,133594
19.546952962875366,176286,133653
19.555451154708862,177935,133623
19.563587188720703,179333,133671
19.574801206588745,180399,133744
19.584484100341797,181116,135695
19.595866203308105,181556,134000
19.60457706451416,181853,133955
19.61524987220764,182847,133658
19.626492023468018,184508,133651
19.633384943008423,186039,133678
19.645941972732544,187414,133691
19.65436816215515,188731,133739
19.665225982666016,190054,133787
19.67340397834778,191149,134138
19.684352159500122,192042,133777
19.694418907165527,192684,133748
19.70506715774536,193148,133729
19.714928150177002,193386,133740
19.726356029510498,193272,133794
19.734661102294922,192659,133806
19.745020866394043,191778,133777
19.754176139831543,190637,133753
19.76417112350464,188943,133763
19.774760007858276,186578,133784
19.78584098815918,184463,133837
19.79613494873047,182662,134012
19.80430316925049,181153,134117
19.81641697883606,179513,134056
19.8252911567688,177737,133944
19.833975076675415,176002,133805
19.84436821937561,174377,133679
19.854907274246216,172618,133673
19.86543583869934,171319,133703
19.875035285949707,169977,133686
19.885558128356934,168258,133688
19.895787000656128,166836,133624
19.906259059906006,165926,133605
19.91460609436035,165451,133556
19.924705982208252,165268,133524
19.935115098953247,165258,133491
19.943750143051147,165628,133484
19.95419406890869,166365,133483
19.965067148208618,167395,133493
19.97515296936035,168673,133501
19.984447956085205,170079,133542
19.994289875030518,171511,133468
20.005409002304077,173007,133518
20.01530408859253,174594,133592
20.02428913116455,176164,133691
20.034533262252808,177472,133762
20.047508001327515,178371,136542
20.05618906021118,178923,133295
20.06389093399048,179860,133538
20.074687957763672,181476,133511
20.084893941879272,182780,133566
20.095377206802368,184453,133581
20.10399317741394,186214,133611
20.114619970321655,187759,133665
20.125044107437134,189007,133720
20.13617992401123,189902,133741
20.1441011428833,190543,133685
20.156511068344116,190997,133637
20.16517925262451,191307,133627
20.17576813697815,191470,133627
20.18449115753174,191400,133636
20.19770908355713,191043,133636
20.20576000213623,190287,133628
20.215768098831177,189213,133623
20.224721908569336,187753,133618
20.235610246658325,185449,133621
20.24557900428772,182904,133677
20.25403594970703,180810,133674
20.265608072280884,178940,133937
20.275048971176147,177188,133898
20.287600994110107,175841,133778
20.29403328895569,174974,133635
20.304580211639404,174190,133562
20.31496024131775,173053,133566
20.32622003555298,171611,133631
20.334359169006348,170153,133666
20.3451189994812,169331,133664
20.3554470539093,169416,133618
20.365645170211792,169791,133489
20.374640941619873,170196,133388
20.38655114173889,170626,133329
20.39711308479309,171141,133347
20.408740043640137,171206,133401
20.41442608833313,170680,133457
20.42498517036438,169971,133550
20.43558406829834,169550,133580
20.445961952209473,169688,133588
20.45453429222107,170221,133556
20.465041875839233,170904,133509
20.475729942321777,171766,133478
20.4859561920166,173049,133480
20.495815992355347,174894,133486
20.505085945129395,177145,133423
20.517004013061523,179259,133443
20.52625298500061,180818,133488
20.536286115646362,181729,133591
20.546959161758423,182258,135698
20.5579252243042,182644,133375
20.564386129379272,184045,133563
20.575313091278076,186088,133588
20.585521936416626,188223,133543
20.596270084381104,190216,133505
20.605473041534424,192340,133521
20.614906072616577,195305,133581
20.625674962997437,197574,133639
20.63611388206482,198634,133826
20.644766092300415,199372,133609
20.655164003372192,200058,133546
20.666017055511475,200369,133604
20.676251888275146,200240,133589
20.684948921203613,199585,133586
20.695945024490356,198364,133589
20.706294059753418,196757,133589
20.716129064559937,195124,133580
20.725081205368042,192870,133581
20.73570203781128,189789,133579
20.74606204032898,187047,133585
20.75711703300476,184955,133602
20.764961004257202,183181,133846
20.776840925216675,181346,133847
20.785939931869507,179924,133752
20.794658184051514,177999,133603
20.804983139038086,175647,133574
20.815515279769897,173683,133564
20.82616400718689,171887,133569
20.836796045303345,170439,133583
20.845503091812134,169682,133590
20.855686902999878,169088,133559
20.866774082183838,168257,133526
20.874822854995728,167518,133508
20.88538908958435,166759,133528
20.895811080932617,166172,133571
20.906312942504883,166062,133546
20.91468596458435,166224,133493
20.925429105758667,166404,133461
20.935712099075317,166694,133433
20.94663715362549,167143,133398
20.9548020362854,167702,133397
20.965455055236816,168286,133419
20.976282119750977,168700,133440
20.986446142196655,169092,133430
20.99519419670105,169996,133441
21.00789213180542,171692,133416
21.016957998275757,173732,133469
21.02650022506714,175853,133472
21.03515386581421,177560,133504
21.045619010925293,178609,133629
21.056281089782715,179157,136038
21.066543102264404,179501,133046
21.075947999954224,180458,133306
21.085750102996826,182421,133496
21.09782910346985,184255,133484
21.10676622390747,185589,133460
21.117051124572754,186784,133485
21.12814998626709,187769,133520
21.13612699508667,188269,133594
21.142750024795532,188448,133884
21.155334949493408,188296,133499
21.16597294807434,187738,133502
21.17631220817566,186725,133558
21.18288803100586,185255,133499
21.19545817375183,183296,133520
21.207494258880615,181365,133534
21.216503143310547,179801,133570
21.222811222076416,178674,133761
21.235548973083496,177571,133761
21.248491048812866,176335,133674
21.256593227386475,174748,133609
21.26275110244751,172935,133519
21.276134967803955,171571,133527
21.28619122505188,170051,133539
21.29776620864868,168691,133565
21.30336904525757,167643,133586
21.315892934799194,166995,133556
21.32632613182068,167083,133561
21.336915969848633,167282,133441
21.343292951583862,167095,133354
21.35879921913147,166904,133309
21.36646819114685,167056,133295
21.37702703475952,167603,133259
21.383816957473755,168512,133232
21.395932912826538,169623,133227
21.406488180160522,170496,133277
21.4169180393219,171110,133301
21.423201084136963,171857,133252
21.43599796295166,173008,133298
21.446619272232056,174561,133421
21.454820156097412,176417,133426
21.463329076766968,178213,133484
21.4761381149292,179608,133706
21.48664617538452,180580,135931
21.493546962738037,181215,133029
21.50337505340576,182361,133190
21.51693320274353,184544,133334
21.52680492401123,186613,133378
21.53303813934326,188734,133352
21.545851230621338,190860,133409
21.557798862457275,192929,133480
21.566907167434692,195300,133774
21.573849201202393,197473,133498
21.586305141448975,198533,133421
21.59669518470764,198922,133422
21.607407093048096,199362,133424
21.613287925720215,199588,133437
21.627389907836914,199196,133477
21.63673496246338,198288,133501
21.647436141967773,197074,133474
21.65335512161255,195699,133452
21.666370153427124,193896,133453
21.676799058914185,191001,133456
21.687391996383667,188216,133450
21.69499897956848,186098,133469
21.707422971725464,184535,133552
21.717798233032227,183036,133724
21.72311496734619,181372,133675
21.73379898071289,179817,133592
21.746586084365845,177799,133525
21.757246017456055,175235,133492
21.763248205184937,172754,133480
21.773893117904663,170740,133475
21.78647017478943,168953,133511
21.797482013702393,167265,133497
21.80347228050232,166442,133449
21.814000844955444,166302,133424
21.826682090759277,166478,133339
21.83717703819275,166773,133278
21.843708992004395,167072,133181
21.85380721092224,167178,133176
21.86795210838318,167272,133263
21.877234935760498,167512,133324
21.883688926696777,167946,133311
21.894575119018555,168421,133275
21.908022165298462,168907,133335
21.917391061782837,169482,133327
21.926666975021362,170365,133391
21.93579125404358,171675,133369
21.94697403907776,173444,133396
21.957719087600708,175336,133409
21.963765144348145,176896,133457
21.974308252334595,178094,135431
21.987005949020386,179005,133212
21.997777223587036,179670,133222
22.00503921508789,181351,133421
22.015368938446045,183645,133365
22.027119159698486,185988,133374
22.033584117889404,188291,133465
22.044144868850708,192752,133544
22.05437207221985,195726,133444
22.068681001663208,196008,133433
22.07344102859497,195280,133452
22.084135055541992,194327,133462
22.094566106796265,192976,133458
22.107518911361694,191489,133449
22.114326000213623,189953,133440
22.126222133636475,188059,133451
22.13484501838684,185967,133446
22.147510051727295,184041,133443
22.153810024261475,182340,133431
22.164305925369263,180677,133533
22.174795150756836,178775,133492
22.187539100646973,176525,133666
22.193785190582275,173923,133680
22.204224109649658,171622,133658
22.2147798538208,170356,133625
22.22769522666931,169997,133515
22.235754013061523,169953,133353
22.24465012550354,169650,133296
22.254858016967773,168548,133299
22.267917156219482,166911,133326
22.273933172225952,165693,133371
22.28474497795105,164895,133427
22.295013189315796,164584,133466
22.307854175567627,164688,133362
22.314087867736816,164916,133263
22.32463526725769,165183,133201
22.335203170776367,165371,133192
22.34787893295288,165472,133246
22.354064226150513,165518,133305
22.364644050598145,165693,133327
22.37513494491577,166063,133327
22.39030909538269,166638,133267
22.394379138946533,167605,133286
22.40462589263916,169018,133267
22.415786027908325,171047,133268
22.423761129379272,173445,133289
22.43480396270752,175554,133271
22.445274114608765,176966,133395
22.45589303970337,177936,133966
22.464218139648438,178408,134752
22.474403142929077,178977,133529
22.484871864318848,179930,133207
22.49553894996643,181572,133294
22.506035089492798,183294,133300
22.514527082443237,184026,133337
22.52586817741394,184557,133343
22.53552508354187,184827,133401
22.544141054153442,184843,133484
22.55489993095398,184576,133653
22.56750202178955,184034,133374
22.576138019561768,183362,133376
22.584342002868652,182604,133381
22.596638917922974,181696,133441
22.605302095413208,180757,133382
22.61591410636902,179850,133455
22.624256134033203,178888,133555
22.636099100112915,177410,133571
22.645238161087036,175376,133527
22.6558620929718,172915,133508
22.664576053619385,170370,133497
22.677967071533203,168492,133513
22.686130046844482,167374,133511
22.69617509841919,166821,133440
22.706135034561157,166387,133391
22.71508502960205,166038,133323
22.72590208053589,165803,133297
22.734097242355347,165458,133247
22.745203018188477,165074,133294
22.75538992881775,164894,133322
22.765782117843628,164878,133328
22.774627208709717,164899,133303
22.785019874572754,164998,133289
22.7966091632843,165212,133269
22.80584716796875,165450,133279
22.814638137817383,165630,133267
22.824743032455444,165770,133291
22.835581064224243,166049,133313
22.84580111503601,166522,133325
22.854492902755737,167434,133280
22.865039110183716,169023,133283
22.875640153884888,170858,133263
22.886450052261353,172595,133240
22.895276069641113,174130,133269
22.90536594390869,175449,133333
22.91646909713745,176701,133452
22.92627716064453,177509,135344
22.93465805053711,178099,133011
22.947568893432617,178881,133234
22.955673217773438,180671,133323
22.966445207595825,182439,133324
22.974612951278687,183822,133302
22.98548722267151,184902,133331
22.996315956115723,185814,133404
23.006511211395264,186471,133492
23.01487112045288,186882,133616
23.025362968444824,187069,133349
23.03667712211609,187025,133369
23.046539068222046,186647,133384
23.056514024734497,185946,133433
23.065420150756836,185034,133363
23.07624912261963,184059,133407
23.085052013397217,183157,133409
23.09504008293152,182435,133406
23.10680389404297,181950,133394
23.11716103553772,181667,133401
23.124994039535522,181334,133403
23.135146141052246,180823,133400
23.14631199836731,180024,133392
23.15631103515625,179120,133408
23.166218996047974,177859,133370
23.17511296272278,176646,133525
23.185667037963867,175718,133660
23.196736097335815,175072,133619
23.205055952072144,175188,133471
23.215458154678345,175667,133332
23.22577404975891,176172,133219
23.237222909927368,176658,133189
23.24499011039734,176981,133169
23.256662130355835,177246,133184
23.265870094299316,177282,133243
23.2766010761261,177118,133320
23.285609006881714,176788,133346
23.29827308654785,176531,133439
23.30675506591797,176368,133507
23.316715002059937,176300,133550
23.32569193840027,176264,133518
23.33543300628662,176383,133468
23.347450256347656,176588,133436
23.356492042541504,176873,133413
23.36717414855957,177161,133389
23.37584686279297,177453,133371
23.386142015457153,177701,133370
23.39682102203369,177906,133355
23.405215978622437,177957,133354
23.41682720184326,177964,133371
23.426316022872925,177954,133411
23.437031984329224,177903,133430
23.445722103118896,177850,133452
23.45593023300171,177827,133441
23.467344284057617,177788,133421
23.474889039993286,177705,133411
23.489285230636597,177688,133430
23.49614405632019,177731,133406
23.506416082382202,177772,133393
